-0.26
-0.0646
0.7566
-0.0678
0.4754
0.1267
0.5194
0.2894
0.4822
0.554
0.5338
0.4826
0.1586
-0.1208
0.8409
0.5491
0.5694
0.4865
-0.2159
-0.2393
-0.189
0.3469
0.5346
-0.2713
-0.0734
0.6765
0.246
0.5816
0.1465
-0.3092
0.5118
0.7959
-0.6132
0.4283
0.1319
-0.0161
0.5506
0.1968
-0.5166
0.4228
-0.2921
-0.1652
0.2426
-0.0395
0.5498
0.5337
0.7009
0.5304
0.8795
0.3554
-0.7151
0.3027
0.2294
0.4985
0.4307
-0.0245
-0.5007
0.3663
-0.461
-0.3361
0.9424
-0.0231
0.3273
0.572
0.582
0.6472
0.3652
0.5303
-0.4711
-0.7234
0.3209
0.6744
0.5179
0.6807
-0.9219
0.3125
-0.6277
0.5458
0.4825
0.4046
-0.4842
0.7996
0.2844
-0.2458
0.1512
-0.7591
-0.1543
0.3652
0.234
0.5315
0.5748
-0.5842
-0.4945
-0.3493
0.6455
-0.7501
-0.3688
0.4821
0.5799
0.6362
0.0094
0.2716
0.4123
0.8674
0.1159
0.4288
0.6967
0.1524
0.1307
0.6193
0.5999
0.3351
0.5987
0.3209
-0.1101
-0.2379
0.4108
0.217
-0.2685
-0.0206
0.1135
0.4533
0.4508
0.6705
-0.7391
0.2468
0.2491
0.6572
0.5678
0.7005
0.3519
0.7689
0.5391
0.7831
0.4618
-0.1278
0.5812
0.131
-0.4233
-0.1186
0.6306
0.0464
0.2206
0.5355
0.1997
0.2749
0.5983
0.1493
0.5374
-0.5077
0.2428
0.3235
-0.0685
0.8553
0.3354
-0.3641
0.5572
-5e-04
-0.5828
-0.0223
-0.2116
-0.3017
-0.5812
0.6529
-0.6908
-0.1476
0.1861
0.0449
-0.0248
0.0598
-0.146
0.5655
-0.1603
0.6826
0.0534
-0.2269
-0.0184
-0.4699
0.5151
0.8052
-0.451
-0.8448
0.6488
0.3518
-0.2323
-0.5612
0.3162
-0.48
-0.3022
0.9181
0.5244
0.3432
0.7226
0.6286
-0.4114
0.4863
0.2716
0.1954
0.7351
0.5459
-0.0462
0.2823
-0.6012
0.445
0.4903
0.5184
0.2947
0.3225
0.746
-0.623
-0.3447
-0.0273
-0.0324
0.0061
0.9008
-0.5226
0.7354
0.1747
-0.6248
0.31
0.6372
-0.3596
0.1261
-0.7889
0.793
-0.1693
-0.3773
-0.2546
0.0223
0.235
0.0402
-0.6563
-0.5127
0.4945
0.3846
0.1182
0.2662
0.3839
-0.5097
-0.0051
-0.0752
0.2604
0.3728
0.7432
0.65
0.6442
0.4692
0.3521
0.3221
0.2748
-0.23
-0.1156
-0.2022
-0.4348
0.07
0.4818
-0.3679
0.2176
-0.2578
0.7229
-0.5176
0.2733
0.8616
0.3217
0.5392
-0.1557
0.5807
0.6175
0.4628
-0.0448
-0.2743
-0.2695
0.4051
0.763
0.6867
0.4499
-0.0489
0.304
0.1961
0.1609
-0.0146
-0.2711
0.5558
-0.7559
-0.3346
0.4354
0.6474
0.6356
0.0145
-0.1197
0.5101
0.7442
-0.5472
0.4051
-0.0945
0.2311
0.6302
0.4003
0.6625
0.4174
-0.0075
0.3151
-0.1886
0.5405
-0.4557
0.125
-0.2619
-0.2855
0.5427
-0.424
-0.0344
0.8247
0.6309
0.9507
0.0221
0.2968
0.1197
-0.2201
0.2032
0.4658
0.1102
0.5445
0.1481
0.2789
-0.3638
0.5957
-0.0489
0.5247
-0.2539
0.6434
0.373
0.7878
0.3068
-0.2682
0.5445
-0.6695
0.9631
0.7218
-0.3765
0.2865
0.3905
-0.5995
0.2414
0.1402
0.6941
-0.7096
0.0153
-0.0662
-0.5536
-0.1951
0.4986
0.7032
0.6769
-0.1499
-0.1995
0.2503
0.6529
-0.5213
-0.241
0.2928
0.5912
0.0731
0.6931
-0.7093
0.1489
-0.1622
-0.5034
0.6752
0.3
0.3041
0.1217
-0.3173
0.4363
0.6103
0.5996
0.166
0.634
0.7015
0.7108
0.372
-0.1388
0.2652
0.5397
-0.3293
0.4585
0.244
0.1365
0.5654
0.1646
0.6599
-0.2051
0.405
0.2564
0.0829
-0.6699
0.0667
0.3819
0.6941
0.7293
0.2908
-0.4325
-0.8525
-0.2628
0.2368
0.8154
0.2656
0.7236
0.0353
0.3245
-0.1212
0.0235
0.2926
-0.2471
0.4447
-0.6518
0.1899
0.6228
0.778
-0.6019
0.2826
-0.5164
-0.048
0.8559
0.7002
0.2795
0.6059
0.5161
0.2979
-0.7861
0.6042
-0.1622
0.87
0.2719
-0.0058
0.6657
0.3412
0.5643
0.2033
4e-04
0.1542
0.1699
0.5849
-0.254
0.2157
-0.0141
-0.149
0.799
-0.6115
-0.1486
0.3498
0.3705
0.8068
5e-04
0.786
0.7034
-0.0774
0.5165
0.8971
0.4065
0.5393
0.1463
0.5948
-0.5446
-0.0238
-0.1258
0.3854
0.7144
0.5406
0.8962
0.2557
0.1007
0.4295
-0.3975
0.2032
0.0346
0.6957
0.274
0.7477
0.3917
0.4948
-0.6388
0.2545
0.2151
-0.4167
0.4958
-0.5408
0.3679
0.6205
0.3549
0.235
0.0976
0.5737
0.7361
-0.0957
0.7209
-0.6894
0.3503
0.3649
0.9336
0.0434
0.4695
-0.3444
0.4594
0.7671
0.6241
0.5881
0.5525
0.1063
0.2391
0.5278
-0.7865
0.0994
0.4414
0.1183
0.7624
0.6851
0.1467
-0.1003
0.598
0.0624
0.3982
-0.7945
-0.1218
0.2325
-0.1592
0.5798
-0.2145
-0.1973
0.6204
0.6962
-0.1491
0.367
-0.3162
0.6282
0.6478
0.2285
-0.0158
0.0651
0.8708
0.1065
-0.3711
0.8552
0.208
0.3367
-0.1849
-0.2635
0.4958
0.1273
0.3054
-0.8155
0.7112
0.5785
0.6689
-0.4298
0.4531
0.5625
0.7302
0.4718
0.6954
0.8001
0.6242
-0.0674
0.7848
0.3953
0.1186
-0.3511
0.2529
0.1668
-0.0248
-0.1166
-0.1597
-0.095
-0.5422
0.158
0.1861
0.7887
0.3331
0.8029
0.6133
0.2147
-0.462
0.6693
-0.3245
0.5886
0.0868
0.338
0.682
0.7418
0.3069
0.6682
-0.6946
-0.3978
-0.6406
0.1762
0.6985
0.2031
0.4354
0.0988
0.6556
0.6827
0.3699
-0.1463
0.6264
-0.6953
-0.7445
0.7969
0.7298
-0.8539
0.729
0.5168
0.6381
0.7635
-0.3508
0.5076
0.923
-0.1762
0.3126
-0.7545
-0.3199
-0.2853
-0.1151
-0.5955
-0.3938
0.3557
-0.1646
-0.5075
0.2901
-0.3333
0.0755
0.8313
-0.2564
0.1769
0.0838
0.2386
0.6399
0.2979
-0.2112
0.8135
0.2496
0.4029
0.0641
0.3687
0.3735
0.8629
0.4757
0.3572
0.5823
0.3526
-0.1085
0.9196
0.5254
0.3995
-0.3402
-0.8185
0.8001
0.4886
0.3794
-0.4003
0.2095
-0.3562
0.7611
-0.004
0.7412
0.4488
-0.0125
0.0173
0.3713
-0.2464
-0.3786
0.533
0.69
0.7327
-0.1572
-0.4287
0.4379
0.2678
-0.4642
-0.0214
0.3613
-0.023
-0.5301
0.7924
0.2989
0.1866
0.3172
-0.2974
-0.4013
0.2948
0.3468
0.7482
0.8622
0.1485
-0.5461
0.2738
0.4841
0.5809
0.4425
0.7081
-0.3446
0.0643
0.1907
0.6743
-0.049
-0.2915
0.431
0.6165
0.217
-0.3842
0.5973
-0.5853
-0.3309
0.4396
0.4668
0.3448
-0.3941
0.3815
0.4234
-0.5368
0.2083
0.9791
-0.0878
0.4672
0.6518
0.5295
0.5468
0.2291
0.5906
0.0076
0.4971
0.8258
0.0555
-0.0234
0.1027
-0.6347
0.7578
0.4529
0.2506
-0.0178
0.4324
0.5923
-0.2681
-0.4487
0.3038
-0.8765
0.6001
-0.5017
-0.197
-0.006
0.6392
-0.0321
-0.102
0.4377
-0.1671
-0.4148
0.6547
-0.0083
-0.2892
0.1319
0.7312
0.4457
0.4969
0.1294
0.6645
0.6751
-0.4656
0.0175
0.7205
0.5382
-0.0758
-0.5069
0.6822
-0.1259
0.6621
0.8812
0.6772
0.0101
-0.6906
0.485
0.3479
0.3823
0.1522
-0.9208
-0.9167
0.2477
-0.5898
0.5389
0.4066
0.3458
0.7844
0.4303
9e-04
-0.3626
0.322
0.6731
0.4054
0.5824
0.3623
0.4795
-0.2659
0.7513
-0.052
0.5469
0.1246
0.4365
-0.2906
0.6709
0.1454
0.0289
0.055
-0.7906
0.3756
0.2979
-0.5408
0.6203
0.1732
0.7458
0.735
0.3729
0.3538
0.4648
0.1118
0.6928
0.6249
0.3759
0.1763
0.6523
-0.6994
-0.2321
0.7601
0.5439
-0.0032
0.6929
0.2994
0.6106
-0.0994
0.2758
0.7862
0.7063
0.2164
0.6025
0.2662
0.328
0.802
0.7226
0.5832
0.3639
0.3751
0.0498
0.0367
0.7091
0.1072
0.4459
0.5748
-0.0624
-0.0095
0.7624
0.8897
0.2624
0.6156
0.4581
0.4149
-0.1248
0.1717
-0.0887
0.148
-0.1666
-0.1012
-0.3844
0.7372
0.213
0.5316
0.3308
0.6581
-0.3146
0.0041
0.4527
0.1209
0.6289
-0.438
0.713
0.32
0.2625
0.0486
-0.5319
0.5981
-0.5625
0.4535
0.6765
0.0552
0.25
0.6405
0.7173
-0.4111
0.7132
0.061
0.1547
-0.3077
0.6766
0.2023
-0.1668
0.4238
0.5423
0.5927
0.459
0.0528
0.3096
0.6439
-0.3244
0.0754
-0.2743
0.8749
0.2513
-0.0864
-0.1655
0.6059
-0.4808
0.0402
0.2286
-0.1179
0.6797
0.9211
-0.4388
-0.1799
0.2873
0.2583
0.425
-0.0202
0.6081
0.4072
0.4767
-0.7085
0.5093
0.3586
0.6119
0.3289
0.4134
0.7729
0.4833
0.7975
-0.1184
0.8881
0.045
-0.0715
0.4926
0.6623
-0.0206
0.1355
-0.826
0.7191
0.8811
0.4391
-0.6982
0.4847
-0.4196
0.3235
-0.1023
0.0486
0.1563
-0.4568
0.5842
0.6908
0.4551
0.8812
-0.2854
-0.3387
0.3197
0.8117
0.3606
-0.509
0.0201
-0.3908
0.5178
0.4457
-0.3138
-0.5139
0.642
-0.1794
0.4746
0.2888
0.595
0.7372
0.6612
-0.5175
0.4048
0.6445
0.106
0.8695
0.4381
0.2309
-0.4212
0.1393
0.7225
0.5345
0.579
0.8694
0.2504
-0.5917
-0.7734
0.6589
-0.0892
0.8948
0.1779
0.0163
-0.8373
-0.1102
-0.2916
0.1962
-0.3839
-0.9047
-0.2319
-0.2304
0.5184
0.4042
-0.2192
0.0763
0.41
-0.4967
0.2371
0.5582
0.4807
-0.1178
0.6087
0.7393
0.2281
0.5395
0.539
-0.0908
-0.8594
0.3283
0.4256
0.5441
0.4171
0.0232
0.1288
0.4976
0.5686
0.7218
0.1489
0.6068
0.401
-0.152
0.5494
-0.7411
0.6204
-0.823
0.2169
0.2171
0.4649
0.3905
-0.5554
-0.1165
0.0783
0.4114
0.7517
-0.508
0.6175
0.1385
0.5865
0.6573
0.4345
-0.4578
0.4111
0.1506
0.4165
-0.4822
0.5051
0.7676
0.5032
-0.1206
0.0758
0.4779
0.1759
-0.2757
-0.7643
-0.2396
0.3178
0.5504
0.2641
-0.1377
0.1402
-0.004
0.6686
0.5476
0.2635
0.2002
-0.6371
0.5202
0.3576
-0.5168
0.0133
0.6442
0.2397
0.0644
0.2121
0.3913
-0.7181
0.0757
0.6264
0.8525
0.5702
-0.9522
-0.7434
0.6907
-0.7033
-0.1871
0.4901
0.4701
0.2383
0.4374
-0.1889
-0.3316
0.548
0.4277
-0.1295
-0.4015
0.2379
0.1404
0.5017
0.0019
0.527
-0.5217
0.1342
0.2239
0.3733
0.2017
-0.203
0.0831
-0.2168
0.5704
0.3206
0.6293
0.5038
-0.3968
-0.5967
0.5638
0.7463
0.5091
0.8236
0.8645
0.7402
0.3514
0.3431
0.3889
0.0915
0.4885
-0.7246
0.6287
0.4042
0.5408
0.7772
0.7301
-0.1301
-0.3289
0.8688
0.417
-0.2542
-0.4388
-0.1133
0.0227
0.6863
0.1396
-0.1128
0.7213
-0.1982
0.6962
0.4752
-0.8182
0.1129
-0.0836
-0.6452
-0.0623
0.7013
0.4719
0.5836
0.0471
0.7354
0.0796
0.5305
0.7905
-0.2856
-0.4504
-0.7403
0.6611
-0.3382
0.7707
0.7466
-0.0736
0.6042
0.6894
0.5228
0.4368
0.2457
0.2019
0.0921
0.7424
0.6096
0.2836
-0.4198
0.0249
0.7896
-0.5684
0.239
0.8767
-0.8265
0.3373
0.3449
0.1027
0.3923
0.1684
0.4272
-0.2419
0.2142
0.2738
0.2407
0.4072
0.2798
0.7877
0.7838
0.1793
0.7332
0.0367
0.6046
0.3215
0.393
0.6773
0.6089
-0.0157
-0.2548
0.5818
0.3411
-0.7963
-0.6684
-0.4961
-0.7053
0.0508
-0.1651
0.4203
0.8407
-0.3764
-0.3754
0.1804
0.2718
0.4714
-0.0942
0.4973
0.2172
-0.4544
-0.142
0.6205
-0.8023
0.0034
-0.1701
-0.1911
0.3569
-0.0156
0.2971
0.4077
-0.3717
-0.3083
-0.4772
0.4392
-0.0133
0.4701
-0.446
-0.0045
0.369
0.4114
0.0478
-0.4188
0.3836
0.1436
-0.2111
0.4504
-0.4123
-0.664
0.618
0.3761
0.3952
-0.5553
-0.4297
-0.4815
0.6445
-0.0386
-0.0588
-0.2674
-0.7614
0.6061
-0.3293
0.7991
0.3252
-0.601
0.6172
0.5294
0.8279
-0.7872
-0.3957
0.5406
0.5489
0.7845
-0.3904
0.6867
0.1648
0.3307
-0.0891
-0.0194
-0.6064
0.2819
0.0884
0.5958
-0.0564
0.0794
0.0086
0.1142
0.8113
-0.5055
-0.0284
0.1175
0.1246
0.05
0.6555
0.2572
0.5859
0.0749
-0.5091
0.3673
0.2911
0.4487
-0.2756
0.3997
0.2194
0.5129
0.3425
0.1041
0.4199
-0.4951
0.0103
0.7808
0.5058
0.4052
-0.0497
0.6898
-0.3239
-0.6958
-0.2364
0.6487
-0.0103
0.1
-0.3663
0.1123
0.0692
-9e-04
-0.5416
-0.4567
0.0675
-0.0758
-0.6482
0.253
-0.332
-0.1614
0.0911
0.7262
5e-04
-0.0596
-0.7928
-0.0028
-0.1788
0.2496
0.0925
0.7883
0.2753
0.4308
-0.0258
0.4365
0.0799
-0.8443
0.336
0.9962
0.4661
0.5329
0.0737
-0.0804
0.1018
0.3876
0.2254
0.6513
-0.0881
0.1887
-0.5177
0.524
0.1367
-0.2605
0.793
0.394
0.2528
0.6861
0.8692
0.9424
0.2091
-0.1749
0.2733
0.3483
0.8833
0.2421
-0.2899
-0.4197
0.2829
0.3805
0.1219
-0.3131
0.2533
0.4016
0.6414
0.279
-0.0892
-0.3649
0.1572
-0.5499
0.7117
-0.0914
0.2648
-0.6773
0.305
0.9224
0.5873
0.7574
0.438
0.4743
0.3447
-0.2041
-0.1411
-0.2094
0.1642
0.2327
0.5408
0.3638
0.0953
0.0297
0.8793
0.138
-0.168
-0.4801
0.1434
-0.0074
0.2223
0.63
-0.5355
-0.5619
0.6446
-0.2559
-0.7053
0.4612
0.752
0.4131
0.4893
0.2994
0.3244
-0.1678
0.6369
-0.2083
-0.2248
-0.3336
-0.2211
0.0619
0.0862
0.2589
0.4942
-0.6653
0.4295
0.3386
0.6904
0.9518
-0.2129
0.8307
0.0333
0.6424
0.8489
-0.3823
-0.2862
0.557
0.4323
-0.0468
0.5944
0.686
-0.0792
-0.184
0.4416
0.609
0.6649
0.3074
-0.3502
-0.4553
0.4401
0.5491
0.6237
0.0367
0.3114
0.0356
0.6597
0.0951
-0.358
-0.1312
0.5232
-0.3137
0.811
0.7915
0.422
0.0707
-0.5359
0.92
-0.3662
0.4966
0.6155
0.3053
0.5823
0.4797
0.4745
0.4544
0.1067
-0.6371
0.3535
0.5449
0.0153
0.4096
-0.113
0.6446
0.1794
0.937
0.6378
0.6517
0.805
-0.0014
0.2922
0.5638
0.2188
0.2459
-0.6788
0.336
0.5202
0.6317
0.6092
0.5352
-0.1828
0.0508
0.3917
0.8329
0.3407
0.673
0.3677
0.4663
-0.597
0.1964
0.241
0.1556
0.4291
0.8886
0.4416
-0.04
0.5541
0.0374
0.2573
0.7722
0.3771
0.3194
-0.4122
0.3896
0.4458
-0.2067
0.1898
0.622
0.0233
-0.3902
-0.7693
0.0371
0.6569
0.4676
0.0889
-0.3414
-0.4662
0.6046
0.2076
-0.4523
0.3601
-0.6395
-0.3254
0.535
0.6205
0.5359
-0.3329
0.5113
0.9257
-0.2288
0.5151
0.5881
0.32
-0.666
0.1676
-0.4224
0.0369
0.7505
0.1474
0.2803
-0.0155
0.5686
0.3732
0.1075
-0.2068
0.3793
0.1355
0.4886
0.4823
-0.7887
0.6997
0.5001
-0.4177
0.584
0.6357
0.1635
0.6956
0.0264
0.151
0.7584
0.0158
0.4023
0.712
0.4533
0.5995
0.5595
0.9499
-0.5599
0.0106
0.3099
0.1944
-0.278
-0.2523
0.312
-0.8211
0.3297
0.4756
0.4625
0.4009
0.1677
0.0582
0.7838
0.1501
0.7247
0.6527
-0.4279
0.2119
-0.4071
-0.2592
0.287
0.24
0.3538
-0.2685
0.9099
-0.4412
0.667
0.4216
-0.6247
0.4618
0.2689
-0.7538
-0.3869
-0.2984
0.315
-0.3134
0.5654
0.4558
0.4907
0.2469
-0.3642
0.4566
0.3969
-0.1597
-0.0538
0.8992
-0.0195
0.3785
0.0549
0.5766
0.8131
-0.4268
0.7149
0.4577
-0.0436
-0.0215
0.4253
0.7943
-0.3019
0.747
-0.2859
-0.0229
-0.0683
0.3181
0.4218
0.547
0.0918
0.597
0.4895
-0.4542
-0.3003
0.3578
0.4857
-0.1971
-0.0216
0.1433
0.8247
0.1019
-0.4612
0.4403
0.2699
0.3878
-0.748
-0.2265
-0.0104
-0.2568
0.4187
0.3741
0.6653
-0.0215
0.5718
0.7005
0.291
0.533
0.8167
0.0654
-0.285
0.0779
0.2235
0.4235
0.2861
0.0048
0.4114
0.6922
0.1225
-0.1054
0.5203
0.3703
0.6458
0.3897
0.5527
0.5652
0.441
5e-04
0.0375
0.5312
0.0053
0.3406
0.6691
0.8072
-0.2416
0.0456
-0.2502
0.704
0.5217
-0.3405
0.2977
-0.2385
0.4834
0.9011
0.5196
0.583
0.1839
0.4817
0.2517
0.0736
0.613
0.5716
0.368
0.792
-0.3719
0.5933
0.6203
0.0415
-0.062
-0.6614
0.5772
0.5754
-0.0511
0.372
-0.9731
0.9522
0.3985
0.2819
0.4666
-0.0456
0.5181
-0.1382
0.6683
0.8481
0.6599
0.7343
0.1288
0.5338
-0.735
0.2698
-0.5555
0.8801
0.1128
-0.0932
0.7269
-0.5088
0.3997
0.5645
-0.423
0.3668
0.7075
0.2552
0.0997
0.6338
0.4067
0.5348
0.3917
0.5025
0.291
-0.2015
0.9223
0.4981
0.7196
0.3287
0.52
0.337
-0.3829
-0.2315
0.5684
0.1183
0.4706
0.3588
-0.0717
0.5468
0.9344
0.7939
0.0969
0.8939
-0.1905
0.4312
0.9525
-0.4699
0.0786
-0.815
0.8239
0.4715
0.6043
-0.1422
0.708
-0.6606
0.7082
0.0216
-0.1788
0.1378
-0.4693
0.7437
-0.1352
-0.7151
0.5912
0.4623
0.5377
0.6202
0.294
-0.3484
0.1444
0.0278
0.0246
-0.3924
0.5971
0.6105
0.3136
0.3732
0.4352
-0.0707
-0.578
-0.0483
-0.7431
0.6887
0.6325
0.3124
-0.7104
0.6795
0.4628
0.7533
0.6767
0.6126
-0.4584
-0.5605
-0.0516
0.5763
-0.1286
0.6327
-0.0692
0.6442
0.423
0.3345
0.598
-0.5033
-0.0719
-0.4051
-0.1167
-0.0719
0.0878
0.2038
0.6849
0.1006
0.6264
0.4674
-0.3842
-0.2096
0.3996
-0.1816
-0.3493
0.8069
-0.0575
0.3543
-0.157
0.4597
0.2669
0.7293
-0.1104
0.6651
-0.3057
0.1214
0.2751
0.1821
0.6746
0.5767
-0.1919
-0.354
-0.4244
0.0329
-0.8289
0.0906
0.2311
-0.3232
-0.6107
-0.029
-0.2152
-0.0663
-0.5453
-0.5173
-0.0335
0.6253
-0.2934
0.355
-0.34
-0.3759
0.8911
0.8326
0.5979
-0.2552
-0.1219
-0.2475
-0.1292
-0.0488
0.5993
-0.8476
0.307
-0.2889
-0.5446
0.756
-0.3015
0.0716
0.736
0.4152
-0.464
0.0377
0.1713
0.3418
-0.2837
0.6551
0.0733
-0.567
-0.2516
0.0633
-0.0317
-0.137
0.8712
0.1489
0.4929
0.776
0.0632
0.5946
0.2531
0.166
0.165
-0.08
-0.8349
-0.3593
-0.3522
-0.1614
0.8972
0.3147
0.4558
0.3455
0.2891
0.2832
0.4798
0.1006
0.1168
0.4106
0.8807
0.4195
0.2571
0.4313
0.1299
0.1675
0.2376
0.5586
-0.4449
0.1276
-0.6688
0.0963
0.2083
0.726
0.603
0.4692
0.1439
0.4712
-0.2464
0.1245
0.5297
0.4693
0.6243
-0.7898
0.8455
-0.4953
0.62
0.2184
-0.3258
-0.5421
0.1128
-0.5279
0.7494
0.6924
0.3197
0.8348
0.5375
0.458
0.3025
0.2333
-0.4223
0.2504
0.5643
0.1311
0.7284
-0.4659
0.3945
-0.229
0.5821
0.4772
0.5001
0.549
-0.2287
-0.4907
0.1968
0.4571
0.6486
-0.1391
-0.5591
0.604
0.7091
-0.0801
-0.3913
-0.0699
0.566
0.06
0.0581
0.3825
0.1788
-0.1547
-0.2725
-0.6429
0.4416
-0.7073
0.5913
0.9215
0.1023
-0.6282
0.4042
0.3033
-0.7866
0.3283
0.6227
0.034
-0.3961
0.8024
0.9788
0.5674
0.3535
-0.5122
0.4648
0.1865
0.6026
0.0423
0.5267
0.481
-0.1335
0.2079
0.2039
-0.3496
-0.5197
0.8151
-0.6572
0.6235
0.6737
0.1812
-0.1915
0.3362
-0.3504
-0.3148
-0.4545
-0.367
-0.3753
0.2193
0.491
0.241
0.8957
0.6319
0.6464
-0.2777
0.1806
-0.3477
0.3919
0.1517
0.3825
0.6584
0.5018
-0.6924
0.1308
0.7859
0.1394
-0.2201
0.2721
-0.6486
0.6257
0.2526
0.02
0.0716
-0.8541
0.8999
0.226
0.7936
0.1161
0.7361
-0.3126
0.6987
0.416
0.7164
0.1313
0.3656
-0.0471
0.3629
-0.0175
-0.2108
-0.1329
0.5319
0.6057
-0.2071
0.5434
0.7949
-0.0643
0.3012
0.7228
-0.3479
0.2809
0.7838
0.3483
0.6154
0.4488
0.4056
-0.4452
0.608
0.6741
0.9531
-0.5129
0.2211
0.6776
-0.5465
0.5511
0.8288
0.0108
0.2959
-0.2752
-0.7285
0.1387
0.5338
0.4923
0.2494
-0.288
0.1235
0.8559
0.6608
0.0067
0.2426
-0.3103
0.772
0.0559
-0.18
0.07
0.7456
0.2171
-0.0748
0.3719
0.7297
0.672
0.135
-0.3234
0.2503
0.6207
0.2373
0.7062
-0.0793
0.2218
0.3675
0.0381
-0.4937
0.6308
0.3991
-0.6756
-0.1717
0.8059
-0.3169
0.6577
0.5408
0.7516
-0.2771
0.459
0.2914
0.0467
0.6281
0.1888
0.702
0.146
0.4376
-0.2072
-0.3692
-0.0407
0.6311
0.0842
0.5948
0.6393
0.2172
-0.5294
0.1326
-0.4895
0.6752
0.1349
0.3681
0.3694
0.6167
-0.8836
0.2735
-0.4444
0.4907
0.4366
-0.0423
0.1575
0.8364
0.7334
0.3102
0.4695
0.7938
0.9146
0.523
0.7193
-0.008
0.7713
0.264
-0.0505
0.3408
-0.1452
0.6683
0.1525
0.4382
-0.202
0.043
-0.2259
0.8371
0.786
0.4696
0.7708
0.4633
-0.035
0.2575
0.2344
0.8876
-0.0175
-0.0701
-0.176
0.5056
0.1887
0.0299
-0.7042
0.0865
-0.5064
-0.4694
0.6488
-0.2268
0.2718
0.0088
-0.2654
0.1192
0.4041
0.6804
-0.1799
0.1409
-0.1716
0.326
0.5743
-0.0549
0.248
-0.5128
-0.1142
0.6722
-0.7198
0.8258
0.5753
-0.9538
0.2029
0.4439
0.249
-0.4752
0.544
0.4808
0.794
0.1327
0.4377
0.1381
0.3246
0.03
-0.3566
0.6149
0.3469
0.9171
0.083
0.4956
0.442
0.1183
-0.5776
0.2952
0.2388
-0.7566
-0.4327
-0.3643
0.5871
0.0785
-0.2591
0.6932
0.8591
0.3875
0.1526
-0.1493
0.4981
0.397
0.1557
0.8174
0.144
-0.2996
-0.1104
0.8456
0.2881
0.6915
0.543
-0.5455
-0.5925
0.7791
-0.052
0.053
0.2285
0.1642
0.2168
0.138
-0.5268
-0.1567
0.0197
0.3986
0.1641
-0.6285
-0.1127
0.3373
-0.37
0.0979
0.5073
-0.5304
0.0889
0.2037
0.6709
0.045
-0.5012
-0.1794
0.1739
0.7859
0.5255
-0.4619
0.9063
-0.077
0.5384
0.15
0.1544
0.0281
0.6937
0.6289
-0.0097
0.3357
-0.6508
0.0808
0.0193
0.5563
0.424
0.4091
0.1562
0.0213
0.4085
0.1903
0.733
0.7914
-0.0931
0.6307
-0.3285
-0.0961
0.486
0.5135
0.2868
0.1159
0.2414
-0.142
-0.766
0.494
0.069
0.5608
0.0665
0.3405
-0.3685
0.2157
-0.3842
-0.4461
0.8128
-0.2202
-0.1592
-0.2824
0.1546
0.2721
-0.4855
-0.3534
0.6817
-0.1185
0.7219
0.5277
-0.3765
0.0839
0.4302
0.8516
-0.1953
0.3462
0.5541
0.3307
-0.2453
0.4681
0.7019
0.1099
0.1903
0.7652
0.5941
0.6737
0.1859
-0.117
-0.0138
0.8223
0.6214
0.4469
-0.5848
-0.8031
0.2287
-0.3104
-0.2082
-0.6332
-0.007
-0.0554
0.5623
-0.0885
-0.5564
-0.2669
0.3843
0.9187
0.6179
0.3174
-0.4744
-0.3722
0.1734
-0.1954
-0.0947
0.1188
0.4036
0.267
0.3345
0.2563
0.3919
0.0869
0.8579
0.6475
-0.8302
0.7133
0.7113
0.5226
0.1699
-0.9031
-0.4943
0.4608
0.1804
0.4465
-0.2016
0.0052
0.2977
0.0712
0.0234
0.444
0.7092
0.357
-0.2759
0.4449
0.2057
0.5531
-0.3319
0.5611
0.3029
0.6999
0.78
-0.5792
0.5509
0.555
-0.4898
0.1039
0.418
0.2541
0.5983
0.7289
0.5628
0.6139
0.7613
0.5106
0.2714
0.1793
0.2705
0.4374
-0.1451
-0.0159
0.3808
-0.1606
0.3905
0.806
-0.6402
0.0244
0.1131
0.3571
0.7278
0.2581
0.9451
-0.1515
0.9721
-0.1322
-0.0146
0.3578
0.7617
0.2973
0.0214
0.2806
0.2365
0.1096
-0.3645
-0.3104
0.0329
0.6593
-0.4379
-0.0586
0.5377
0.5511
0.9497
0.4402
-0.0126
0.9052
-0.169
0.8008
-0.2563
-0.829
0.2391
-0.1702
0.6754
-0.2839
0.5056
-0.48
0.2839
-0.0515
0.404
-0.3366
0.4487
0.9303
0.3029
-0.2748
0.8361
-0.0563
-0.4076
-0.6034
0.7229
0.0518
0.167
-0.1207
-0.8209
0.9381
-0.1056
0.3637
-0.3856
0.5109
-0.0066
-0.1274
0.4094
0.1289
0.5057
0.8839
0.9209
0.0228
0.4293
0.6115
0.4222
0.7675
-0.5488
-0.5037
0.5539
-0.0531
0.503
0.4702
0.3109
0.2391
-0.0533
0.4838
0.6111
0.6359
0.5425
0.4413
0.2211
0.6311
0.0017
0.4629
0.5292
0.6685
0.6578
0.0064
0.3132
0.3818
0.5534
0.629
-0.2145
0.0989
0.8438
-0.353
0.4231
-0.5732
0.1034
0.2799
-0.2543
0.6739
-0.1273
-0.2078
-0.3302
-0.4945
0.7286
0.7512
0.499
0.4444
0.8239
0.0481
-0.4624
0.243
0.354
0.8331
-0.1904
0.5822
-0.6748
0.4242
-0.3437
0.4869
0.4854
0.233
0.5465
0.059
0.1225
0.1777
0.6625
-0.1609
-0.6558
0.237
0.3279
0.6133
0.1214
-0.0746
0.9456
-0.8353
-0.547
0.2894
0.3258
0.3893
-0.5011
0.0024
-0.638
0.7047
0.3986
0.1269
0.6171
0.4862
0.067
0.2696
0.6658
0.7149
0.8616
-0.0963
0.4878
0.578
0.9561
0.4703
0.4195
-0.0431
0.196
-0.0355
-0.5376
-0.5507
0.2479
-0.0238
0.215
-0.2071
0.3876
0.311
0.3243
-0.2702
0.7946
0.5297
0.9652
0.4157
-0.3026
0.1698
0.2021
-0.037
0.3759
0.8531
-0.2764
-0.4026
0.0955
0.3784
0.1345
0.9055
0.9374
0.1312
0.495
0.1364
-0.2928
-0.6046
0.6323
0.1065
-0.1247
0.0802
-0.2118
0.2238
0.5451
-0.5022
0.8805
-0.4315
0.4343
0.4892
0.8164
0.5099
0.3313
0.6744
0.6299
-0.0316
-0.3468
-0.3425
-0.3502
0.8891
-0.5168
0.6379
-0.1083
0.1846
-0.1728
0.0271
0.7908
0.0833
-0.3079
-0.081
0.2991
0.7832
0.8041
0.8077
0.5752
0.8394
-0.0661
0.5086
-0.0937
0.2274
0.73
-0.8539
-0.6923
0.5099
0.7683
-0.6124
0.1817
0.209
0.5392
0.3267
0.1666
0.9258
-0.3296
-0.0757
0.9391
0.0245
0.6679
0.1753
-0.3186
-0.1778
0.5132
0.3914
0.6488
-0.1811
-0.2328
-0.0222
0.0367
-0.1621
0.7057
0.5936
0.5944
0.4618
-0.8572
-0.6774
0.4827
0.3244
-0.0501
0.8338
0.713
0.0456
0.4869
0.0259
0.4452
-0.347
0.3741
-0.2924
0.0016
0.5649
-0.0528
0.5685
0.0211
0.5667
-0.3669
0.7937
-0.1554
0.0581
0.7425
-0.2436
-0.2678
-0.5218
0.1089
-0.2144
0.8345
0.6695
-0.4918
-0.053
-0.3462
0.3962
0.8855
0.0715
0.3941
-0.0407
-0.2721
0.4807
0.554
0.2218
-0.1479
0.8252
-0.4165
-0.7841
-0.051
0.3253
0.5786
0.9274
0.5412
0.0324
0.6834
0.479
0.0212
0.0239
0.5256
0.5433
0.6322
0.7329
-0.6106
0.1236
-0.0399
0.6246
0.0297
0.7578
0.1529
-0.0527
-0.6671
0.5013
0.9165
0.8073
0.0259
-0.514
-0.1227
0.3117
-0.0468
0.3694
0.7786
0.6495
0.3846
-0.3744
-0.5084
-0.2036
-0.4044
0.8473
-0.4051
0.165
0.1385
-0.1154
0.4468
0.2219
0.5181
0.07
0.643
0.1456
0.0558
0.5121
0.5656
0.4104
0.8192
0.2583
0.2385
0.2274
0.0689
0.7741
0.2424
0.586
0.6522
-0.8735
0.1729
0.2733
0.3637
-6e-04
0.0654
-0.8572
-0.1419
0.3334
0.2305
0.8208
0.449
-0.028
0.2458
0.2911
0.1849
0.4527
0.5707
-0.6376
0.3239
0.1197
0.8421
0.4093
0.4023
0.2672
0.5929
-0.3784
0.1903
0.6748
0.7201
0.6966
0.5035
-0.005
-0.093
-0.1667
-0.2862
-0.6086
0.2354
0.8258
0.3003
0.3419
0.535
-0.3806
0.6944
0.0804
0.5262
0.8822
0.0191
-0.3932
0.5059
0.6587
0.4841
0.0033
0.5489
0.6949
0.7488
-0.3331
0.8347
0.6146
0.4983
-0.8503
0.1429
-0.3547
0.7117
0.5903
-0.0222
-0.2329
0.3452
0.9114
0.2197
0.0259
0.4298
0.5458
0.514
0.4199
0.7508
0.8772
0.2889
0.5767
0.4409
0.3641
0.1865
-0.5097
-0.444
0.0692
0.6664
0.4661
0.6407
0.6101
0.7781
0.3852
0.2148
-0.6661
0.4048
-0.2116
-0.0356
0.3742
-0.2768
-0.4591
0.7473
0.1049
-0.1367
-0.592
0.002
0.547
0.3542
0.3799
0.6907
0.3721
0.5501
-0.0254
0.1921
0.4799
-0.0737
-0.5096
0.5876
0.0162
0.5325
-0.2115
-0.3882
0.245
-0.1611
0.5303
0.6541
0.578
0.18
-0.4523
0.2226
0.2246
0.7764
0.505
0.0443
0.6649
-0.0905
0.755
0.453
-0.0812
0.5928
-0.5698
0.0601
0.1521
-0.847
0.1617
-0.1689
0.2876
0.4386
0.1035
-0.3001
-0.1864
0.1451
-0.4696
0.1503
0.8268
0.7194
0.0428
0.5208
0.1004
0.5581
-0.6739
0.2988
-0.5067
0.3737
-0.0269
0.4136
0.5559
0.5242
-0.8767
0.2955
0.3097
-0.6457
0.165
0.6535
0.2738
-0.0662
-0.35
0.6802
0.0292
0.0121
0.3172
0.5665
-0.4813
0.1349
-0.2633
-0.2448
0.2198
-0.3822
0.08
-0.1989
-0.4139
0.0781
-0.2603
-0.0271
0.6067
0.5828
0.587
0.7088
0.788
-0.0719
-0.1038
0.5361
0.2289
0.6988
0.5599
0.6859
0.5882
0.8388
0.2204
-0.3085
0.2521
0.1456
0.5862
0.3728
-0.1327
-0.0602
0.5679
-0.1618
-0.0765
0.4983
0.8316
0.3016
0.5424
0.7998
-0.6281
-0.1498
0.4313
0.711
-0.0997
0.5888
0.6224
0.644
-0.2524
-0.1117
-0.1425
0.4112
0.2403
-0.7454
0.6145
0.7822
0.3273
0.3288
-0.4688
0.4967
0.4417
0.7451
0.7988
0.1424
-0.3601
-0.1245
0.2724
0.4321
-0.0534
0.5279
0.119
0.1273
-0.2149
0.4027
0.763
0.6149
0.6361
-0.6038
0.1337
0.6681
0.1184
0.0983
0.3268
0.8161
0.669
0.7025
-0.4229
-0.1368
-0.5142
0.5362
0.6417
0.0954
0.5452
-0.0045
0.2155
0.2733
-0.0127
0.8375
0.3068
0.2619
0.3748
0.6668
0.0465
0.022
0.272
0.1591
-0.3976
-0.69
-0.2962
0.6754
0.6164
-0.4706
0.8649
0.7791
-0.2217
0.5002
0.4529
0.0647
0.15
0.1751
0.4323
0.1092
0.4317
0.5096
-0.3703
0.6087
0.8179
-0.3525
-0.3717
0.7024
0.5539
0.4666
-0.0941
-0.3336
0.1744
0.8543
0.1891
0.4892
0.3752
-0.2587
0.0443
-0.3829
-0.0027
0.8041
0.6481
0.138
0.6394
0.004
0.2015
0.7806
0.0998
0.6338
0.209
0.1198
0.6686
0.645
-0.5145
0.5392
0.1618
-0.121
0.2438
0.5555
0.1857
0.5696
0.2832
-0.3399
-0.488
0.6497
-0.2131
-0.5374
-0.1012
0.43
0.0937
0.1064
0.5759
0.5615
-0.8967
0.6795
0.4132
0.3697
-0.1726
0.593
0.6191
-0.4113
0.5592
0.2842
0.5427
0.1491
0.7553
0.5245
0.5382
-0.1381
0.714
-0.4602
0.2856
0.6621
0.6283
0.6299
-0.5088
-0.5587
-0.3694
0.456
-0.3641
-0.0072
0.308
-0.1687
0.6969
-0.1153
0.4627
0.2092
0.5095
0.852
0.7384
-0.3545
0.3222
0.6581
0.7015
0.1195
-0.7855
0.8001
0.2925
0.3673
0.2688
-0.0189
0.7523
-0.0491
-0.4312
0.3926
0.8326
0.6708
-0.4478
0.7054
0.6396
0.6909
-0.3636
0.6166
0.7989
0.1021
-0.8139
0.3956
0.1269
0.5504
0.2966
0.5389
0.3977
0.417
0.1239
0.1968
0.355
-0.6279
0.482
0.6129
-0.0959
0.6787
0.5903
-0.7629
0.3981
0.2087
0.1694
-0.6435
0.2273
0.5173
-0.4201
0.7684
0.5888
0.1635
-0.5351
0.2592
-0.3356
-0.521
0.5224
0.4731
0.8461
0.3557
-0.4241
0.6839
0.5346
0.8617
0.643
-0.144
-0.19
0.1561
0.6799
-0.3186
0.6424
0.3877
0.6841
-0.1915
-0.5985
-0.0107
0.7919
-0.299
-0.6516
0.5954
0.6924
0.7846
0.1579
0.5455
0.4725
-0.1637
0.2479
-0.0642
0.1504
-0.1957
0.7032
0.4803
-0.5601
-0.3428
0.3535
0.2545
-0.037
0.6376
0.7203
0.7182
0.3967
-0.6335
0.2071
0.0598
0.6164
0.5373
0.7622
-0.0947
0.3802
0.2984
0.1687
0.2265
0.0997
-0.1256
-0.4752
0.4318
0.3187
-0.3278
0.103
-0.0064
0.1925
0.5851
0.1243
-0.4199
0.062
-0.7339
0.6721
0.7676
0.6723
0.2705
0.0385
-0.2624
0.4279
0.0344
0.216
-0.3749
-0.3141
0.2055
0.9757
-0.5522
0.46
0.5935
-0.4629
-0.2233
0.4806
0.7317
0.4052
-0.1805
0.9503
0.1746
-0.2976
-0.579
0.0786
0.1626
0.8078
0.2198
0.9424
-0.6326
0.1589
-0.1333
-0.0456
0.1156
0.6097
-0.7573
0.778
-0.0632
0.7558
-0.3916
0.43
0.5503
0.031
0.5966
-0.1982
0.9942
0.3049
0.4353
-0.3807
0.5571
-0.3229
0.6327
0.3518
-0.6045
0.8537
-0.7396
0.3132
0.1867
0.4765
0.7849
0.5343
0.4844
0.005
0.3691
0.1854
0.3674
0.3449
0.7204
0.1111
0.4106
-0.6742
0.3985
0.5248
-0.7386
0.7294
0.4724
-0.1946
-0.0876
-0.3235
0.7156
0.3594
-0.6656
0.3078
0.6086
-0.2898
0.3928
-0.0686
-0.5919
0.9281
0.325
0.535
0.3467
0.7154
-0.6544
0.375
0.7682
-0.4846
0.2695
0.1191
0.4355
0.4634
0.2163
0.4631
0.5432
0.6345
0.6214
-0.1661
-0.2758
-0.2441
-0.0071
0.3087
-0.4754
-0.1013
0.5298
0.5589
-0.6812
0.7244
0.4905
-0.2782
0.476
0.7117
-0.0334
0.0852
0.5808
0.5742
0.148
0.2134
-0.3069
0.3115
-0.1314
-0.1257
0.3729
0.8224
0.2996
-0.3152
0.5134
0.6497
0.5773
0.0196
0.7487
0.3334
0.483
0.8987
-0.7691
-0.0818
0.6419
0.564
0.0994
0.2665
0.2153
0.2639
0.405
0.6255
-0.1567
-0.4377
0.1698
-0.5201
0.727
-0.3092
-0.1423
0.3414
-0.1821
0.5175
0.4008
0.1662
0.821
-0.4702
-0.4912
-0.1186
0.3561
0.5581
0.1707
0.2382
-0.4267
0.1525
0.2081
0.44
0.4003
0.863
0.8397
0.2061
-0.0192
0.2706
-0.2154
-0.1601
0.3401
-0.3761
0.6096
0.6231
0.5145
-0.7532
0.4683
0.035
0.0471
0.4821
-0.5154
-0.5178
0.4842
-0.4858
-0.1223
0.7725
-0.4662
0.1537
0.6689
0.0125
-0.1502
0.6081
0.6184
0.2771
-0.4824
0.0653
0.6577
-0.1674
0.3328
0.9811
0.4873
0.9449
0.1569
0.5248
-0.818
0.0722
-0.237
-0.5983
0.36
-0.7101
0.3096
-0.2442
0.3487
0.4959
0.7292
0.7206
0.0285
0.2644
0.5755
-0.4549
0.3444
0.2537
-0.231
0.0691
0.7067
-0.8386
-0.2579
-0.7744
-0.2558
-0.0227
0.1957
-0.2994
0.6493
-0.0519
0.2537
0.6717
0.5404
-0.3575
0.5416
0.3517
-0.3969
0.5905
-0.9263
-0.4708
0.6111
0.4574
-0.1702
0.2523
0.704
-0.2044
0.2047
-0.0086
0.8269
0.6856
0.2248
0.4103
0.5687
0.3066
0.3158
0.4048
-0.1574
-0.6613
0.4631
-0.2681
0.4736
0.1064
0.813
-0.3773
0.7486
0.4583
-0.3496
0.5727
0.3417
-0.0824
0.1781
-0.4372
-0.4663
-0.2885
0.4962
0.5827
0.1068
-0.0607
0.3385
-4e-04
0.734
-0.0559
0.7194
0.7242
0.6819
0.4993
0.351
0.3945
0.2017
0.4713
0.8029
0.3891
0.1419
0.4989
0.6793
0.0822
0.2714
-0.0842
0.2883
-0.164
-0.5751
0.0152
0.4198
0.7021
-0.2389
0.4054
-0.0656
0.5388
-0.3897
0.2034
0.0401
0.5872
0.3831
0.1707
0.571
-0.5272
-0.707
0.0094
-0.171
0.456
0.1907
0.2832
-0.4625
0.5394
0.4967
0.4171
0.5305
-0.3217
0.938
-0.2528
-0.4624
0.5356
-0.1019
0.4907
-0.8418
0.7614
0.7873
0.6753
0.3094
0.583
-0.0526
0.3668
-0.0443
0.5029
-0.0387
-0.0946
0.6924
0.6158
0.8017
0.5032
0.6157
-0.4248
0.1217
0.3007
0.2588
0.4781
-0.4208
0.3467
-0.019
0.3202
0.6889
0.9035
-0.2296
-0.6413
-0.7278
0.0473
0.4552
0.7328
0.5853
0.7774
0.8393
0.7475
0.8133
0.4637
0.0231
0.376
0.4449
0.6576
0.3899
0.0817
0.5065
-0.4917
-0.3115
0.9796
0.4408
0.6395
-0.4132
0.1998
0.3181
0.1277
0.8227
0.2805
0.5394
0.2831
0.194
0.7463
0.4665
0.3568
-0.155
0.6406
-0.2653
0.0278
-0.2482
0.6873
0.6202
0.335
-0.1956
0.8354
0.5713
0.7821
0.8701
0.7144
0.4992
0.6097
0.6212
0.7241
0.6412
0.2621
0.9323
0.2551
0.0895
0.4767
0.3792
0.0766
0.0185
0.6179
0.2182
0.9549
0.1112
0.3521
0.1835
0.492
-0.2331
0.8781
-0.6211
0.5957
0.606
-0.2775
-0.1726
0.641
0.6122
0.5326
-0.3303
0.5031
0.0542
0.7171
0.1936
-0.3367
-0.1973
0.8547
-0.2563
0.0958
0.0977
-0.5853
-0.5682
0.4603
0.076
0.2432
0.6674
-0.8868
0.6498
-0.5875
0.9592
0.4123
-0.2342
0.1076
-0.7864
0.1539
0.1045
0.5306
0.0267
0.5769
0.4223
0.8722
0.0361
-0.2702
0.7662
0.1971
0.7791
0.7333
0.5617
-0.2645
0.1326
0.0558
0.314
0.6627
0.4262
0.1629
0.1569
-0.4743
-0.529
0.4426
0.7096
0.7231
-0.6179
0.3353
0.1827
-0.4972
-0.6767
-0.4117
0.7967
-0.4813
-0.535
0.0444
0.4127
0.6187
0.6658
-0.3989
0.1181
0.7407
0.4845
0.6102
0.8302
0.6383
0.6077
-0.2599
-0.8244
0.1757
-0.0121
0.592
